Scan frame stuff:

header:
  seq: 867
  stamp:
    secs: 1537298257
    nsecs: 882349232
  frame_id: laser

angle_min: -3.12413907051
angle_max: 3.14159274101
angle_increment: 0.0174532923847
time_increment: 0.000286924885586
scan_time: 0.10300604254
range_min: 0.15000000596
range_max: 12.0
